1462202109 3336770456
3209232422 2175664610
3326295574 3245760330
3497032995 877587347
3612141504 2851139279
547560456 2664240758
2179279381 3024574742
3708808763 3057880702
807242770 3711488692
1535671083 1213563827
3582061787 639970718
1339905776 1241311986
7975098 433862799
47132013 210032924
253302156 1298706731
764904204 2986618808
2013128827 503360774
2932556493 2736127628
2933445181 3456245957
2947376270 3768583100
2633076812 50837819
3734572958 548349054
3684714171 871785996
2343935159 1420255099
2946906003 3097476158
2669991372 3565502112
3521291905 3254928811
1002570492 3498703102
307443938 3856852321
1244056651 3224698195
2403300975 76319024
170502403 2218500551
793060752 3719809547
1788560479 2925031157
3139808192 2775050620
3437403067 1403156969
3775762966 1254028240
398550699 2130469025
1250787429 1297241599
970120848 614311043
3317236075 3793283891
3390501692 3758671738
2307410488 3115530195
236527157 1111522632
1211325806 3235817613
1627025488 3646939661
2412323950 2273785573
2254170325 657180244
241719214 2485076111
3525989033 1229005169
1112834565 3827088252
410528326 3816538477
2287286862 194697650
472857832 706608423
1611578448 3862930323
1161008175 3752151008
3312579370 1362380091
59670012 2939663955
2925453667 665916370
439084496 2915341439
935642462 1311650301
3325204482 2102358629
424405205 1144273597
3356450177 1100394540
3034066556 262487062
496738671 234134795
3209057008 371372614
3115992910 164942456
2055863620 649060467
3196886923 1380708218
2165788810 256250226
2107498053 2278052599
274185262 358122877
3870023243 1569817015
2286014915 525656904
1901551714 981738644
2312753231 361398226
3405939265 3447305018
1103009209 1245928086
1616853764 1955710885
2973587644 327238465
2097776310 369360150
246443367 378183317
3218914945 3503157466
320054751 1655243439
2935561448 839128100
3220879039 2847231044
2358145408 2873504779
2145851459 285699621
572919059 22495158
1378744623 577841256
1648383145 3756564628
1119048556 860222559
609561801 2939710442
2934966321 2071507305
2462867576 2352475899
578237218 1288206163
2331809858 3570507683
1154265829 3620529320
1002132330 536508306
2372905090 1233364661
1894773794 3191030116
3579380629 114138645
1961015523 57645010
1674635879 849831699
970759569 1738639709
900853307 531311433
368142239 141485612
3493077183 2517945833
184950678 1049949887
1300648693 452514661
592079640 1844482450
1670114736 1672717811
2753071353 2224550247
1651914088 703640248
3681688526 856651742
2462220150 1041930350
1255591295 1206061109
2609312821 3085191475
313835522 2430568506
2340785315 446204343
561935298 2492355898
3830551554 1529195808
819127366 2299399302
779392122 176454470
3437211078 2975421958
1430475477 1283370957
1904857509 29158880
298680123 2649899805
1214225724 2714544915
725887164 794467649
1638478875 1519849581
2230802209 3129289987
3624018739 2722398506
3000913122 1349254683
2130419878 1042753357
601614994 2547840895
3340610887 2819896091
1412905863 731032169
3195907536 2350038243
3656704754 2024177629
1838063898 3395046926
232107507 1229823309
2797200041 532572832
2436748196 1463604536
1854606098 953434344
3732506269 515381838
953642951 1523305217
2285109146 784854753
2963892839 1113712130
3634734062 3563258965
431612208 536518059
1588636477 192760551
2777367095 3677941748
1816679408 2835705171
1074080135 1330123601
1952350924 1066183894
1881848358 2485022179
887820770 3742099201
3169834028 161729632
939637764 3286804689
3030769493 2183990087
3273857403 1038139374
2789140053 3026339168
2460751324 2445788258
1959185735 1582900040
2418832350 372028116
2068813894 2186784967
3407244588 2006417704
1485349669 2344507268
298516774 3824146717
2201902653 2428942267
2248518741 1637054086
797857843 1144349614
1251741282 3618307397
3630233584 1511705778
2256138134 1134811782
1160567244 2632059821
725780668 2642588567
3519111402 3360292718
3419327376 157306309
3147084069 480044364
182384112 3295405212
3584641947 1686205557
1254277536 435320966
202802203 1145543400
3750562688 1556052416
3340861893 1448640966
3054757608 561511488
638124875 3486258236
1594087164 3046939418
